61.36 271.06 92.87 147.42
102.44 265.83 110.08 146.68
133.80 271.06 125.78 150.42
67.34 391.30 93.62 202.03
102.44 386.82 108.58 199.78
317.51 329.31 206.56 178.84
402.65 237.46 246.95 137.70
447.45 247.91 267.15 145.18
505.70 241.19 294.82 146.68
634.90 230.74 354.66 139.94
580.38 406.23 328.48 216.24
617.72 430.88 342.69 228.20
463.88 439.84 272.38 234.19
387.71 478.67 237.98 247.65
310.79 455.52 205.07 237.93
346.64 364.41 220.77 194.55
212.22 377.85 160.19 199.03
530.35 412.95 301.55 219.98
500.48 286.75 291.83 160.89
409.37 314.38 246.95 176.59
