168.15 233.72 175.15 148.17
204.00 241.94 194.60 153.41
637.89 141.12 402.53 124.24
297.35 171.74 241.72 124.99
437.00 273.30 298.56 178.09
274.95 139.63 229.75 109.28
301.08 287.49 239.47 178.84
215.20 297.20 197.59 178.84
336.93 163.52 256.68 121.25
504.21 365.90 328.48 223.72
541.55 262.85 349.42 175.85
490.77 221.77 326.98 155.65
68.08 21.63 141.49 44.95
204.00 229.24 195.34 147.42
112.89 297.20 148.97 174.35
359.33 271.06 264.16 172.85
480.31 258.37 321.00 171.36
569.18 246.42 362.14 170.61
584.86 479.42 362.89 276.82
168.90 247.91 173.65 156.40
