321.99 381.59 170.66 223.72
263.74 279.28 139.25 176.59
435.51 332.30 218.53 203.52
185.33 277.04 102.60 172.85
162.93 268.08 94.37 167.62
190.56 395.03 103.34 226.71
226.40 412.95 120.55 237.93
370.54 314.38 181.13 196.04
625.94 439.84 285.10 258.12
465.38 454.03 215.54 262.61
366.80 466.72 177.39 264.85
613.99 341.26 285.85 211.75
606.52 291.97 302.30 186.32
611.75 245.67 306.04 169.86
554.25 255.38 274.63 171.36
564.70 300.19 279.86 190.06
426.54 387.56 214.79 228.95
533.34 465.97 255.18 269.34
482.55 462.99 225.26 265.60
573.66 483.90 265.65 280.56
