257.02 311.39 200.58 212.50
133.80 345.74 145.23 234.19
337.68 403.99 237.98 261.86
260.01 493.61 201.33 304.50
217.44 474.94 181.13 294.77
156.95 318.86 158.69 217.73
503.46 297.20 318.01 213.24
94.22 180.70 122.04 148.17
58.38 201.61 104.09 160.89
144.26 215.80 144.48 166.87
508.69 474.19 326.98 303.75
504.21 497.34 324.74 314.22
476.58 371.88 312.02 252.14
560.97 344.25 353.91 240.92
628.18 419.67 390.56 280.56
535.58 427.14 339.70 282.80
312.29 252.39 231.25 192.30
58.38 359.93 107.08 233.44
190.56 338.27 169.16 228.20
372.78 401.00 263.41 267.85
