167.41 221.03 152.71 165.38
414.60 257.62 267.89 185.57
413.10 26.11 263.41 72.63
602.79 206.84 354.66 162.38
578.89 287.49 341.19 199.78
552.75 333.79 329.23 220.72
495.25 342.75 303.05 228.20
91.24 253.89 114.56 175.10
88.25 269.57 113.82 183.33
60.62 249.41 100.35 172.85
502.72 323.34 306.04 216.98
353.36 401.75 236.48 247.65
280.17 389.80 199.08 240.92
171.14 402.50 151.96 246.90
420.57 469.71 264.16 282.06
73.31 126.18 104.09 117.51
121.11 124.69 128.03 114.51
330.96 156.06 229.00 136.20
365.31 203.10 242.46 154.16
21.04 136.64 79.41 118.25
