339.92 208.33 237.23 124.99
413.10 216.55 273.88 130.22
447.45 205.34 289.59 124.99
193.55 336.03 170.66 175.10
415.34 328.57 275.37 167.62
142.02 199.37 149.72 117.51
492.26 67.94 312.02 66.64
532.59 246.42 328.48 145.18
609.51 221.77 363.63 134.71
33.73 300.19 98.86 148.17
35.97 218.79 98.11 113.77
385.47 138.13 262.66 93.57
411.61 206.09 274.63 121.25
173.38 381.59 160.19 192.30
537.82 116.48 335.21 84.60
567.69 55.99 347.93 63.65
434.76 182.94 284.35 111.52
172.64 266.58 162.43 140.69
57.63 269.57 108.58 134.71
432.52 333.05 284.35 170.61
