431.03 293.47 257.42 181.83
467.62 295.71 276.87 184.07
432.52 307.66 257.42 190.06
467.62 308.40 274.63 192.30
579.64 89.59 332.97 89.83
497.49 168.01 292.58 126.48
33.73 379.35 64.45 217.73
560.22 331.55 315.02 202.77
634.90 295.71 350.92 187.81
555.74 232.98 318.01 155.65
349.62 285.25 219.28 176.59
275.69 277.78 187.12 173.60
181.60 275.54 144.48 169.11
396.67 196.38 245.46 136.95
91.98 460.75 92.87 253.63
202.51 490.62 146.73 270.09
437.75 229.24 263.41 153.41
533.34 143.36 310.53 113.02
337.68 209.83 222.27 141.44
166.66 262.85 141.49 162.38
