232.38 201.61 291.83 155.02
336.18 202.36 343.44 158.01
468.36 396.52 425.71 292.64
432.52 306.16 401.78 227.57
597.56 315.12 492.28 238.79
475.83 310.64 424.97 235.05
473.59 115.73 413.00 119.11
508.69 102.29 427.96 109.39
585.61 112.00 468.35 119.11
74.06 144.11 217.78 123.60
84.51 233.72 217.03 171.47
147.24 202.36 249.94 154.27
168.90 16.41 266.40 60.77
89.74 39.56 225.26 74.24
598.31 35.08 466.85 77.98
252.54 91.09 304.54 98.92
81.53 106.77 220.77 106.40
18.80 383.08 178.14 270.95
397.42 413.70 382.33 295.63
552.75 174.73 454.88 149.03
