115.13 281.52 119.05 174.35
204.00 284.50 160.94 177.34
279.43 287.49 195.34 180.33
83.02 424.90 99.60 243.91
153.97 501.82 131.77 282.06
314.53 215.80 210.30 148.17
524.37 236.71 308.28 163.13
435.51 302.43 266.40 190.81
434.76 315.87 265.65 201.28
398.91 300.19 245.46 192.30
398.91 316.62 246.95 199.03
528.11 342.75 306.04 211.75
141.27 271.06 131.02 168.37
531.84 198.62 312.77 146.68
608.76 305.41 342.69 196.04
575.16 114.98 335.96 103.29
321.25 289.73 213.29 183.33
17.30 473.44 66.69 269.34
57.63 426.39 87.64 246.15
238.35 256.87 174.40 164.63
