108.41 150.83 203.57 78.61
145.75 179.21 217.78 93.57
277.93 153.07 282.11 83.85
257.77 154.56 273.13 83.85
354.11 168.75 315.02 86.09
224.16 321.10 252.19 160.89
350.37 338.27 309.03 169.86
583.37 165.02 426.46 88.34
611.00 188.17 438.43 98.06
557.23 38.81 424.22 48.69
516.16 38.81 398.79 47.20
259.26 109.76 274.63 64.40
71.82 128.43 193.10 66.64
64.35 168.01 185.62 86.09
114.39 329.31 202.82 160.89
174.13 299.44 228.25 150.42
169.65 112.00 231.25 66.64
568.43 203.10 420.48 105.54
496.74 245.67 380.84 124.99
426.54 194.89 347.18 98.06
